[gd_scene load_steps=8 format=3 uid="uid://bjtwfg4q8hcm0"]

[ext_resource type="PackedScene" uid="uid://buoa4rfr48kmo" path="res://characters/player/player.tscn" id="1_3hkc6"]
[ext_resource type="Material" path="res://levels/zzeng/flooring.tres" id="1_8t2eo"]
[ext_resource type="PackedScene" uid="uid://bjikvl7hhugl2" path="res://levels/sheckstall/assets/prefabs/environments/environment.tscn" id="2_dbfs5"]
[ext_resource type="PackedScene" uid="uid://ruigj6ttxwlv" path="res://assets/models/walls/Hutong Wall vedits.glb" id="4_jwonn"]
[ext_resource type="PackedScene" path="res://levels/zzeng/building_temp.tscn" id="5_j34m0"]

[sub_resource type="PlaneMesh" id="PlaneMesh_t7x6t"]
material = ExtResource("1_8t2eo")
size = Vector2(308.44, 255.37)

[sub_resource type="ConcavePolygonShape3D" id="ConcavePolygonShape3D_4lil7"]
data = PackedVector3Array(154.22, 0, 127.685, -154.22, 0, 127.685, 154.22, 0, -127.685, -154.22, 0, 127.685, -154.22, 0, -127.685, 154.22, 0, -127.685)

[node name="62_4" type="StaticBody3D"]

[node name="terrain_mesh" type="MeshInstance3D" parent="."]
transform = Transform3D(1, 0, 0, 0, 1, 0, 0, 0, 1, 0.174789, 0, 0)
mesh = SubResource("PlaneMesh_t7x6t")

[node name="collision_shape" type="CollisionShape3D" parent="."]
shape = SubResource("ConcavePolygonShape3D_4lil7")

[node name="Player" parent="." instance=ExtResource("1_3hkc6")]
transform = Transform3D(1, 0, 0, 0, 1, 0, 0, 0, 1, -23.7431, 2.52232, 36.8017)

[node name="Environment" parent="." instance=ExtResource("2_dbfs5")]

[node name="Walls" type="Node3D" parent="."]

[node name="Hutong Wall vedits" parent="Walls" instance=ExtResource("4_jwonn")]
transform = Transform3D(1, -3.48787e-16, 3.48787e-16, 3.48787e-16, 1, -3.48787e-16, -3.48787e-16, 3.48787e-16, 1, -50.09, 2.08165e-12, 55)

[node name="Hutong Wall vedits2" parent="Walls" instance=ExtResource("4_jwonn")]
transform = Transform3D(1, -3.48787e-16, 3.48787e-16, 3.48787e-16, 1, -3.48787e-16, -3.48787e-16, 3.48787e-16, 1, -50.09, 2.08165e-12, 57.5)

[node name="Hutong Wall vedits20" parent="Walls" instance=ExtResource("4_jwonn")]
transform = Transform3D(1, -3.48787e-16, 3.48787e-16, 3.48787e-16, 1, -3.48787e-16, -3.48787e-16, 3.48787e-16, 1, -50.09, 2.08165e-12, 52.3524)

[node name="Hutong Wall vedits122" parent="Walls" instance=ExtResource("4_jwonn")]
transform = Transform3D(1, -3.48787e-16, 3.48787e-16, 3.48787e-16, 1, -3.48787e-16, -3.48787e-16, 3.48787e-16, 1, -125.545, 2.08165e-12, 94.4135)

[node name="Hutong Wall vedits123" parent="Walls" instance=ExtResource("4_jwonn")]
transform = Transform3D(1, -3.48787e-16, 3.48787e-16, 3.48787e-16, 1, -3.48787e-16, -3.48787e-16, 3.48787e-16, 1, -125.545, 2.08165e-12, 91.9452)

[node name="Hutong Wall vedits707" parent="Walls" instance=ExtResource("4_jwonn")]
transform = Transform3D(1, -3.48787e-16, 3.48787e-16, 3.48787e-16, 1, -3.48787e-16, -3.48787e-16, 3.48787e-16, 1, -125.545, 2.08165e-12, 89.682)

[node name="Hutong Wall vedits708" parent="Walls" instance=ExtResource("4_jwonn")]
transform = Transform3D(1, -3.48787e-16, 3.48787e-16, 3.48787e-16, 1, -3.48787e-16, -3.48787e-16, 3.48787e-16, 1, -125.545, 2.08165e-12, 87.3368)

[node name="Hutong Wall vedits774" parent="Walls" instance=ExtResource("4_jwonn")]
transform = Transform3D(1, -3.48787e-16, 3.48787e-16, 3.48787e-16, 1, -3.48787e-16, -3.48787e-16, 3.48787e-16, 1, -141.656, 2.08165e-12, 52.2173)

[node name="Hutong Wall vedits775" parent="Walls" instance=ExtResource("4_jwonn")]
transform = Transform3D(1, -3.48787e-16, 3.48787e-16, 3.48787e-16, 1, -3.48787e-16, -3.48787e-16, 3.48787e-16, 1, -141.656, 2.08165e-12, 54.7933)

[node name="Hutong Wall vedits776" parent="Walls" instance=ExtResource("4_jwonn")]
transform = Transform3D(1, -3.48787e-16, 3.48787e-16, 3.48787e-16, 1, -3.48787e-16, -3.48787e-16, 3.48787e-16, 1, -141.656, 2.08165e-12, 57.1814)

[node name="Hutong Wall vedits1516" parent="Walls" instance=ExtResource("4_jwonn")]
transform = Transform3D(1, -3.48787e-16, 3.48787e-16, 3.48787e-16, 1, -3.48787e-16, -3.48787e-16, 3.48787e-16, 1, -145.888, 2.08165e-12, 57.1814)

[node name="Hutong Wall vedits1517" parent="Walls" instance=ExtResource("4_jwonn")]
transform = Transform3D(1, -3.48787e-16, 3.48787e-16, 3.48787e-16, 1, -3.48787e-16, -3.48787e-16, 3.48787e-16, 1, -145.888, 2.08165e-12, 59.5656)

[node name="Hutong Wall vedits1518" parent="Walls" instance=ExtResource("4_jwonn")]
transform = Transform3D(1, -3.48787e-16, 3.48787e-16, 3.48787e-16, 1, -3.48787e-16, -3.48787e-16, 3.48787e-16, 1, -145.888, 2.08165e-12, 54.6205)

[node name="Hutong Wall vedits1519" parent="Walls" instance=ExtResource("4_jwonn")]
transform = Transform3D(1, -3.48787e-16, 3.48787e-16, 3.48787e-16, 1, -3.48787e-16, -3.48787e-16, 3.48787e-16, 1, -145.888, 2.08165e-12, 52.4849)

[node name="Hutong Wall vedits777" parent="Walls" instance=ExtResource("4_jwonn")]
transform = Transform3D(1, -3.48787e-16, 3.48787e-16, 3.48787e-16, 1, -3.48787e-16, -3.48787e-16, 3.48787e-16, 1, -141.656, 2.08165e-12, 59.7108)

[node name="Hutong Wall vedits778" parent="Walls" instance=ExtResource("4_jwonn")]
transform = Transform3D(1, -3.48787e-16, 3.48787e-16, 3.48787e-16, 1, -3.48787e-16, -3.48787e-16, 3.48787e-16, 1, -141.656, 2.08165e-12, 62.1058)

[node name="Hutong Wall vedits723" parent="Walls" instance=ExtResource("4_jwonn")]
transform = Transform3D(0.999845, -3.54881e-16, -0.0176269, 3.48787e-16, 1, -3.48787e-16, 0.0176269, 3.42585e-16, 0.999845, -96.0408, 2.08165e-12, 34.7128)

[node name="Hutong Wall vedits724" parent="Walls" instance=ExtResource("4_jwonn")]
transform = Transform3D(0.999771, -3.5617e-16, -0.0213961, 3.48787e-16, 1, -3.48787e-16, 0.0213961, 3.41244e-16, 0.999771, -96.1109, 2.08165e-12, 32.0675)

[node name="Hutong Wall vedits725" parent="Walls" instance=ExtResource("4_jwonn")]
transform = Transform3D(0.999944, -3.52444e-16, -0.0105416, 3.48787e-16, 1, -3.48787e-16, 0.0105416, 3.45091e-16, 0.999944, -96.0481, 2.08165e-12, 29.7269)

[node name="Hutong Wall vedits726" parent="Walls" instance=ExtResource("4_jwonn")]
transform = Transform3D(0.999881, -3.43364e-16, 0.0154281, 3.48787e-16, 1, -3.48787e-16, -0.0154281, 3.54127e-16, 0.999881, -95.946, 2.08165e-12, 27.1062)

[node name="Hutong Wall vedits727" parent="Walls" instance=ExtResource("4_jwonn")]
transform = Transform3D(0.995456, -3.80414e-16, -0.0952203, 3.48787e-16, 1, -3.48787e-16, 0.0952203, 3.13991e-16, 0.995456, -95.843, 2.08165e-12, 24.6741)

[node name="Hutong Wall vedits728" parent="Walls" instance=ExtResource("4_jwonn")]
transform = Transform3D(0.997695, -3.71651e-16, -0.0678586, 3.48787e-16, 1, -3.48787e-16, 0.0678586, 3.24315e-16, 0.997695, -95.6459, 2.08165e-12, 22.2593)

[node name="Hutong Wall vedits729" parent="Walls" instance=ExtResource("4_jwonn")]
transform = Transform3D(0.999758, -3.41027e-16, 0.0220068, 3.48787e-16, 1, -3.48787e-16, -0.0220068, 3.56378e-16, 0.999758, -95.5598, 2.08165e-12, 19.8857)

[node name="Hutong Wall vedits730" parent="Walls" instance=ExtResource("4_jwonn")]
transform = Transform3D(0.997436, -3.72854e-16, -0.0715671, 3.48787e-16, 1, -3.48787e-16, 0.0715671, 3.22931e-16, 0.997436, -95.6026, 2.08165e-12, 18.1787)

[node name="Hutong Wall vedits731" parent="Walls" instance=ExtResource("4_jwonn")]
transform = Transform3D(0.993915, -3.85084e-16, -0.110151, 3.48787e-16, 1, -3.48787e-16, 0.110151, 3.08245e-16, 0.993915, -95.348, 2.08165e-12, 15.573)

[node name="Hutong Wall vedits732" parent="Walls" instance=ExtResource("4_jwonn")]
transform = Transform3D(0.99767, -3.7177e-16, -0.0682242, 3.48787e-16, 1, -3.48787e-16, 0.0682242, 3.24179e-16, 0.99767, -95.0817, 2.08165e-12, 12.8558)

[node name="Hutong Wall vedits733" parent="Walls" instance=ExtResource("4_jwonn")]
transform = Transform3D(0.995471, -3.80364e-16, -0.0950639, 3.48787e-16, 1, -3.48787e-16, 0.0950639, 3.1405e-16, 0.995471, -94.9066, 2.08165e-12, 10.1119)

[node name="Hutong Wall vedits734" parent="Walls" instance=ExtResource("4_jwonn")]
transform = Transform3D(0.989006, -3.9653e-16, -0.147878, 3.48787e-16, 1, -3.48787e-16, 0.147878, 2.93374e-16, 0.989006, -94.5734, 2.08165e-12, 7.39333)

[node name="Hutong Wall vedits735" parent="Walls" instance=ExtResource("4_jwonn")]
transform = Transform3D(0.996503, -3.76711e-16, -0.0835561, 3.48787e-16, 1, -3.48787e-16, 0.0835561, 3.18424e-16, 0.996503, -94.2794, 2.08165e-12, 4.66948)

[node name="Hutong Wall vedits736" parent="Walls" instance=ExtResource("4_jwonn")]
transform = Transform3D(0.997627, -3.71974e-16, -0.0688511, 3.48787e-16, 1, -3.48787e-16, 0.0688511, 3.23945e-16, 0.997627, -94.1268, 0.0236263, 2.04214)

[node name="Hutong Wall vedits737" parent="Walls" instance=ExtResource("4_jwonn")]
transform = Transform3D(0.992172, -3.89614e-16, -0.124883, 3.48787e-16, 1, -3.48787e-16, 0.124883, 3.02499e-16, 0.992171, -93.8806, 2.08165e-12, -0.612135)

[node name="Hutong Wall vedits738" parent="Walls" instance=ExtResource("4_jwonn")]
transform = Transform3D(0.99909, -3.63343e-16, -0.0426429, 3.48787e-16, 1, -3.48787e-16, 0.0426429, 3.33596e-16, 0.99909, -93.6541, 2.08165e-12, -3.27988)

[node name="Hutong Wall vedits743" parent="Walls" instance=ExtResource("4_jwonn")]
transform = Transform3D(0.99909, -3.63343e-16, -0.0426429, 3.48787e-16, 1, -3.48787e-16, 0.0426429, 3.33596e-16, 0.99909, -93.6541, 2.08165e-12, -5.26137)

[node name="Hutong Wall vedits744" parent="Walls" instance=ExtResource("4_jwonn")]
transform = Transform3D(0.99909, -3.63343e-16, -0.0426429, 3.48787e-16, 1, -3.48787e-16, 0.0426429, 3.33596e-16, 0.99909, -93.6541, 2.08165e-12, -7.77389)

[node name="Hutong Wall vedits745" parent="Walls" instance=ExtResource("4_jwonn")]
transform = Transform3D(0.99909, -3.63343e-16, -0.0426429, 3.48787e-16, 1, -3.48787e-16, 0.0426429, 3.33596e-16, 0.99909, -93.4975, 2.08165e-12, -10.6445)

[node name="Hutong Wall vedits746" parent="Walls" instance=ExtResource("4_jwonn")]
transform = Transform3D(0.99909, -3.63343e-16, -0.0426429, 3.48787e-16, 1, -3.48787e-16, 0.0426429, 3.33596e-16, 0.99909, -93.5027, 2.08165e-12, -13.211)

[node name="Hutong Wall vedits752" parent="Walls" instance=ExtResource("4_jwonn")]
transform = Transform3D(1, -3.48787e-16, 3.48787e-16, 3.48787e-16, 1, -3.48787e-16, -3.48787e-16, 3.48787e-16, 1, -110.482, 2.08165e-12, -10.5178)

[node name="Hutong Wall vedits753" parent="Walls" instance=ExtResource("4_jwonn")]
transform = Transform3D(1, -3.48787e-16, 3.48787e-16, 3.48787e-16, 1, -3.48787e-16, -3.48787e-16, 3.48787e-16, 1, -110.482, 2.08165e-12, -12.7458)

[node name="Hutong Wall vedits754" parent="Walls" instance=ExtResource("4_jwonn")]
transform = Transform3D(1, -3.48787e-16, 3.48787e-16, 3.48787e-16, 1, -3.48787e-16, -3.48787e-16, 3.48787e-16, 1, -110.482, 2.08165e-12, -15.4134)

[node name="Hutong Wall vedits755" parent="Walls" instance=ExtResource("4_jwonn")]
transform = Transform3D(1, -3.48787e-16, 3.48787e-16, 3.48787e-16, 1, -3.48787e-16, -3.48787e-16, 3.48787e-16, 1, -110.482, 2.08165e-12, -16.8305)

[node name="Hutong Wall vedits759" parent="Walls" instance=ExtResource("4_jwonn")]
transform = Transform3D(1, -3.48787e-16, 3.48787e-16, 3.48787e-16, 1, -3.48787e-16, -3.48787e-16, 3.48787e-16, 1, -110.482, 2.08165e-12, -20.4048)

[node name="Hutong Wall vedits760" parent="Walls" instance=ExtResource("4_jwonn")]
transform = Transform3D(1, -3.48787e-16, 3.48787e-16, 3.48787e-16, 1, -3.48787e-16, -3.48787e-16, 3.48787e-16, 1, -110.482, 2.08165e-12, -22.4373)

[node name="Hutong Wall vedits761" parent="Walls" instance=ExtResource("4_jwonn")]
transform = Transform3D(1, -3.48787e-16, 3.48787e-16, 3.48787e-16, 1, -3.48787e-16, -3.48787e-16, 3.48787e-16, 1, -110.482, 2.08165e-12, -24.7896)

[node name="Hutong Wall vedits762" parent="Walls" instance=ExtResource("4_jwonn")]
transform = Transform3D(1, -3.48787e-16, 3.48787e-16, 3.48787e-16, 1, -3.48787e-16, -3.48787e-16, 3.48787e-16, 1, -93.4483, 2.08165e-12, -21.2515)

[node name="Hutong Wall vedits763" parent="Walls" instance=ExtResource("4_jwonn")]
transform = Transform3D(1, -3.48787e-16, 3.48787e-16, 3.48787e-16, 1, -3.48787e-16, -3.48787e-16, 3.48787e-16, 1, -93.4483, 2.08165e-12, -23.6935)

[node name="Hutong Wall vedits764" parent="Walls" instance=ExtResource("4_jwonn")]
transform = Transform3D(1, -3.48787e-16, 3.48787e-16, 3.48787e-16, 1, -3.48787e-16, -3.48787e-16, 3.48787e-16, 1, -93.4483, 2.08165e-12, -26.4863)

[node name="Hutong Wall vedits765" parent="Walls" instance=ExtResource("4_jwonn")]
transform = Transform3D(1, -3.48787e-16, 3.48787e-16, 3.48787e-16, 1, -3.48787e-16, -3.48787e-16, 3.48787e-16, 1, -93.4483, 2.08165e-12, -29.1098)

[node name="Hutong Wall vedits766" parent="Walls" instance=ExtResource("4_jwonn")]
transform = Transform3D(1, -3.48787e-16, 3.48787e-16, 3.48787e-16, 1, -3.48787e-16, -3.48787e-16, 3.48787e-16, 1, -93.4483, 2.08165e-12, -31.7768)

[node name="Hutong Wall vedits767" parent="Walls" instance=ExtResource("4_jwonn")]
transform = Transform3D(1, -3.48787e-16, 3.48787e-16, 3.48787e-16, 1, -3.48787e-16, -3.48787e-16, 3.48787e-16, 1, -93.4483, 2.08165e-12, -34.2482)

[node name="Hutong Wall vedits768" parent="Walls" instance=ExtResource("4_jwonn")]
transform = Transform3D(1, -3.48787e-16, 3.48787e-16, 3.48787e-16, 1, -3.48787e-16, -3.48787e-16, 3.48787e-16, 1, -93.4483, 2.08165e-12, -36.9162)

[node name="Hutong Wall vedits769" parent="Walls" instance=ExtResource("4_jwonn")]
transform = Transform3D(1, -3.48787e-16, 3.48787e-16, 3.48787e-16, 1, -3.48787e-16, -3.48787e-16, 3.48787e-16, 1, -93.4483, 2.08165e-12, -39.2473)

[node name="Hutong Wall vedits770" parent="Walls" instance=ExtResource("4_jwonn")]
transform = Transform3D(0.998288, -3.68589e-16, -0.0584875, 3.48787e-16, 1, -3.48787e-16, 0.0584875, 3.2779e-16, 0.998288, -93.4483, 2.08165e-12, -41.5736)

[node name="Hutong Wall vedits771" parent="Walls" instance=ExtResource("4_jwonn")]
transform = Transform3D(0.998288, -3.68589e-16, -0.0584875, 3.48787e-16, 1, -3.48787e-16, 0.0584875, 3.2779e-16, 0.998288, -93.4483, 2.08165e-12, -43.4045)

[node name="Hutong Wall vedits772" parent="Walls" instance=ExtResource("4_jwonn")]
transform = Transform3D(0.998288, -3.68589e-16, -0.0584875, 3.48787e-16, 1, -3.48787e-16, 0.0584875, 3.2779e-16, 0.998288, -93.3252, 2.08165e-12, -46.1396)

[node name="Hutong Wall vedits773" parent="Walls" instance=ExtResource("4_jwonn")]
transform = Transform3D(0.998288, -3.68589e-16, -0.0584875, 3.48787e-16, 1, -3.48787e-16, 0.0584875, 3.2779e-16, 0.998288, -93.2308, 2.08165e-12, -48.5612)

[node name="Hutong Wall vedits826" parent="Walls" instance=ExtResource("4_jwonn")]
transform = Transform3D(0.996299, -3.77476e-16, -0.085956, 3.48787e-16, 1, -3.48787e-16, 0.085956, 3.17516e-16, 0.996299, -93.0718, 2.08165e-12, -51.3212)

[node name="Hutong Wall vedits827" parent="Walls" instance=ExtResource("4_jwonn")]
transform = Transform3D(0.99909, -3.63348e-16, -0.0426604, 3.48787e-16, 1, -3.48787e-16, 0.0426604, 3.3359e-16, 0.99909, -92.886, 2.08165e-12, -54.1257)

[node name="Hutong Wall vedits828" parent="Walls" instance=ExtResource("4_jwonn")]
transform = Transform3D(0.99909, -3.63348e-16, -0.0426604, 3.48787e-16, 1, -3.48787e-16, 0.0426604, 3.3359e-16, 0.99909, -92.7597, 2.08165e-12, -56.9559)

[node name="Hutong Wall vedits830" parent="Walls" instance=ExtResource("4_jwonn")]
transform = Transform3D(0.99909, -3.63348e-16, -0.0426604, 3.48787e-16, 1, -3.48787e-16, 0.0426604, 3.3359e-16, 0.99909, -92.692, 2.08165e-12, -59.4929)

[node name="Hutong Wall vedits831" parent="Walls" instance=ExtResource("4_jwonn")]
transform = Transform3D(0.99909, -3.63348e-16, -0.0426604, 3.48787e-16, 1, -3.48787e-16, 0.0426604, 3.3359e-16, 0.99909, -92.6041, 2.08165e-12, -62.2585)

[node name="Hutong Wall vedits832" parent="Walls" instance=ExtResource("4_jwonn")]
transform = Transform3D(0.99909, -3.63348e-16, -0.0426604, 3.48787e-16, 1, -3.48787e-16, 0.0426604, 3.3359e-16, 0.99909, -92.494, 2.08165e-12, -64.9359)

[node name="Hutong Wall vedits833" parent="Walls" instance=ExtResource("4_jwonn")]
transform = Transform3D(0.996078, -3.78278e-16, -0.0884771, 3.48787e-16, 1, -3.48787e-16, 0.0884771, 3.16559e-16, 0.996078, -92.3359, 2.08165e-12, -67.6283)

[node name="Hutong Wall vedits834" parent="Walls" instance=ExtResource("4_jwonn")]
transform = Transform3D(0.996078, -3.78278e-16, -0.0884771, 3.48787e-16, 1, -3.48787e-16, 0.0884771, 3.16559e-16, 0.996078, -92.0794, 2.08165e-12, -70.3767)

[node name="Hutong Wall vedits835" parent="Walls" instance=ExtResource("4_jwonn")]
transform = Transform3D(0.996078, -3.78278e-16, -0.0884771, 3.48787e-16, 1, -3.48787e-16, 0.0884771, 3.16559e-16, 0.996078, -91.862, 2.08165e-12, -72.901)

[node name="Hutong Wall vedits836" parent="Walls" instance=ExtResource("4_jwonn")]
transform = Transform3D(0.996078, -3.78278e-16, -0.0884771, 3.48787e-16, 1, -3.48787e-16, 0.0884771, 3.16559e-16, 0.996078, -91.6235, 2.08165e-12, -75.5824)

[node name="Hutong Wall vedits839" parent="Walls" instance=ExtResource("4_jwonn")]
transform = Transform3D(0.989034, -3.96473e-16, -0.147689, 3.48787e-16, 1, -3.48787e-16, 0.147689, 2.9345e-16, 0.989034, -87.4215, 2.08165e-12, -89.0516)

[node name="Hutong Wall vedits840" parent="Walls" instance=ExtResource("4_jwonn")]
transform = Transform3D(0.989034, -3.96473e-16, -0.147689, 3.48787e-16, 1, -3.48787e-16, 0.147689, 2.9345e-16, 0.989034, -87.022, 2.08165e-12, -91.6726)

[node name="Hutong Wall vedits841" parent="Walls" instance=ExtResource("4_jwonn")]
transform = Transform3D(0.989034, -3.96473e-16, -0.147689, 3.48787e-16, 1, -3.48787e-16, 0.147689, 2.9345e-16, 0.989034, -86.6215, 2.08165e-12, -94.2576)

[node name="Hutong Wall vedits842" parent="Walls" instance=ExtResource("4_jwonn")]
transform = Transform3D(0.989034, -3.96473e-16, -0.147689, 3.48787e-16, 1, -3.48787e-16, 0.147689, 2.9345e-16, 0.989034, -86.2306, 2.08165e-12, -96.9645)

[node name="Hutong Wall vedits843" parent="Walls" instance=ExtResource("4_jwonn")]
transform = Transform3D(0.99384, -3.85293e-16, -0.110827, 3.48787e-16, 1, -3.48787e-16, 0.110827, 3.07983e-16, 0.99384, -87.8455, 2.08165e-12, -107.538)

[node name="Hutong Wall vedits844" parent="Walls" instance=ExtResource("4_jwonn")]
transform = Transform3D(0.99384, -3.85293e-16, -0.110827, 3.48787e-16, 1, -3.48787e-16, 0.110827, 3.07983e-16, 0.99384, -87.566, 2.08165e-12, -109.998)

[node name="Hutong Wall vedits845" parent="Walls" instance=ExtResource("4_jwonn")]
transform = Transform3D(0.99384, -3.85293e-16, -0.110827, 3.48787e-16, 1, -3.48787e-16, 0.110827, 3.07983e-16, 0.99384, -87.2584, 2.08165e-12, -112.611)

[node name="Hutong Wall vedits846" parent="Walls" instance=ExtResource("4_jwonn")]
transform = Transform3D(0.99384, -3.85293e-16, -0.110827, 3.48787e-16, 1, -3.48787e-16, 0.110827, 3.07983e-16, 0.99384, -86.9742, 2.08165e-12, -115.127)

[node name="Hutong Wall vedits847" parent="Walls" instance=ExtResource("4_jwonn")]
transform = Transform3D(0.99384, -3.85293e-16, -0.110827, 3.48787e-16, 1, -3.48787e-16, 0.110827, 3.07983e-16, 0.99384, -86.6786, 2.08165e-12, -117.843)

[node name="Hutong Wall vedits884" parent="Walls" instance=ExtResource("4_jwonn")]
transform = Transform3D(0.973615, -4.19176e-16, -0.228198, 3.48787e-16, 1, -3.48787e-16, 0.228198, 2.59991e-16, 0.973615, -78.2401, 2.08165e-12, -116.738)

[node name="Hutong Wall vedits885" parent="Walls" instance=ExtResource("4_jwonn")]
transform = Transform3D(0.973615, -4.19176e-16, -0.228198, 3.48787e-16, 1, -3.48787e-16, 0.228198, 2.59991e-16, 0.973615, -77.6449, 2.08165e-12, -119.256)

[node name="Hutong Wall vedits886" parent="Walls" instance=ExtResource("4_jwonn")]
transform = Transform3D(0.973615, -4.19176e-16, -0.228198, 3.48787e-16, 1, -3.48787e-16, 0.228198, 2.59991e-16, 0.973615, -77.0309, 2.08165e-12, -121.856)

[node name="Hutong Wall vedits887" parent="Walls" instance=ExtResource("4_jwonn")]
transform = Transform3D(0.973615, -4.19176e-16, -0.228198, 3.48787e-16, 1, -3.48787e-16, 0.228198, 2.59991e-16, 0.973615, -76.4156, 2.08165e-12, -124.486)

[node name="Hutong Wall vedits888" parent="Walls" instance=ExtResource("4_jwonn")]
transform = Transform3D(0.973615, -4.19176e-16, -0.228198, 3.48787e-16, 1, -3.48787e-16, 0.228198, 2.59991e-16, 0.973615, -76.0009, 2.08165e-12, -126.281)

[node name="Hutong Wall vedits848" parent="Walls" instance=ExtResource("4_jwonn")]
transform = Transform3D(0.99384, -3.85293e-16, -0.110827, 3.48787e-16, 1, -3.48787e-16, 0.110827, 3.07983e-16, 0.99384, -86.3535, 2.08165e-12, -120.545)

[node name="Hutong Wall vedits849" parent="Walls" instance=ExtResource("4_jwonn")]
transform = Transform3D(0.99384, -3.85293e-16, -0.110827, 3.48787e-16, 1, -3.48787e-16, 0.110827, 3.07983e-16, 0.99384, -86.0617, 2.08165e-12, -123.257)

[node name="Hutong Wall vedits850" parent="Walls" instance=ExtResource("4_jwonn")]
transform = Transform3D(0.99384, -3.85293e-16, -0.110827, 3.48787e-16, 1, -3.48787e-16, 0.110827, 3.07983e-16, 0.99384, -85.7678, 2.08165e-12, -126.072)

[node name="Hutong Wall vedits837" parent="Walls" instance=ExtResource("4_jwonn")]
transform = Transform3D(0.996078, -3.78278e-16, -0.0884771, 3.48787e-16, 1, -3.48787e-16, 0.0884771, 3.16559e-16, 0.996078, -91.5226, 2.08165e-12, -76.6951)

[node name="Hutong Wall vedits818" parent="Walls" instance=ExtResource("4_jwonn")]
transform = Transform3D(1, -3.48787e-16, 3.48787e-16, 3.48787e-16, 1, -3.48787e-16, -3.48787e-16, 3.48787e-16, 1, -98.881, 2.08165e-12, -57.8543)

[node name="Hutong Wall vedits824" parent="Walls" instance=ExtResource("4_jwonn")]
transform = Transform3D(1, -3.48787e-16, 3.48787e-16, 3.48787e-16, 1, -3.48787e-16, -3.48787e-16, 3.48787e-16, 1, -110.295, 2.08165e-12, -51.5044)

[node name="Hutong Wall vedits875" parent="Walls" instance=ExtResource("4_jwonn")]
transform = Transform3D(1, -3.48787e-16, 3.48787e-16, 3.48787e-16, 1, -3.48787e-16, -3.48787e-16, 3.48787e-16, 1, -109.37, 2.08165e-12, -42.7968)

[node name="Hutong Wall vedits876" parent="Walls" instance=ExtResource("4_jwonn")]
transform = Transform3D(1, -3.48787e-16, 3.48787e-16, 3.48787e-16, 1, -3.48787e-16, -3.48787e-16, 3.48787e-16, 1, -109.37, 2.08165e-12, -40.6991)

[node name="Hutong Wall vedits877" parent="Walls" instance=ExtResource("4_jwonn")]
transform = Transform3D(1, -3.48787e-16, 3.48787e-16, 3.48787e-16, 1, -3.48787e-16, -3.48787e-16, 3.48787e-16, 1, -109.37, 2.08165e-12, -38.007)

[node name="Hutong Wall vedits878" parent="Walls" instance=ExtResource("4_jwonn")]
transform = Transform3D(1, -3.48787e-16, 3.48787e-16, 3.48787e-16, 1, -3.48787e-16, -3.48787e-16, 3.48787e-16, 1, -109.37, 2.08165e-12, -35.9652)

[node name="Hutong Wall vedits879" parent="Walls" instance=ExtResource("4_jwonn")]
transform = Transform3D(1, -3.48787e-16, 3.48787e-16, 3.48787e-16, 1, -3.48787e-16, -3.48787e-16, 3.48787e-16, 1, -109.37, 2.08165e-12, -34.4994)

[node name="Hutong Wall vedits880" parent="Walls" instance=ExtResource("4_jwonn")]
transform = Transform3D(1, -3.48787e-16, 3.48787e-16, 3.48787e-16, 1, -3.48787e-16, -3.48787e-16, 3.48787e-16, 1, -137.668, 2.08165e-12, -19.2009)

[node name="Hutong Wall vedits881" parent="Walls" instance=ExtResource("4_jwonn")]
transform = Transform3D(1, -3.48787e-16, 3.48787e-16, 3.48787e-16, 1, -3.48787e-16, -3.48787e-16, 3.48787e-16, 1, -137.668, 2.08165e-12, -17.0273)

[node name="Hutong Wall vedits882" parent="Walls" instance=ExtResource("4_jwonn")]
transform = Transform3D(1, -3.48787e-16, 3.48787e-16, 3.48787e-16, 1, -3.48787e-16, -3.48787e-16, 3.48787e-16, 1, -137.668, 2.08165e-12, -14.4554)

[node name="Hutong Wall vedits883" parent="Walls" instance=ExtResource("4_jwonn")]
transform = Transform3D(1, -3.48787e-16, 3.48787e-16, 3.48787e-16, 1, -3.48787e-16, -3.48787e-16, 3.48787e-16, 1, -137.668, 2.08165e-12, -12.3726)

[node name="Hutong Wall vedits825" parent="Walls" instance=ExtResource("4_jwonn")]
transform = Transform3D(1, -3.48787e-16, 3.48787e-16, 3.48787e-16, 1, -3.48787e-16, -3.48787e-16, 3.48787e-16, 1, -110.295, 2.08165e-12, -54.2476)

[node name="Hutong Wall vedits819" parent="Walls" instance=ExtResource("4_jwonn")]
transform = Transform3D(1, -3.48787e-16, 3.48787e-16, 3.48787e-16, 1, -3.48787e-16, -3.48787e-16, 3.48787e-16, 1, -98.881, 2.08165e-12, -60.3189)

[node name="Hutong Wall vedits820" parent="Walls" instance=ExtResource("4_jwonn")]
transform = Transform3D(1, -3.48787e-16, 3.48787e-16, 3.48787e-16, 1, -3.48787e-16, -3.48787e-16, 3.48787e-16, 1, -98.881, 2.08165e-12, -62.7324)

[node name="Hutong Wall vedits821" parent="Walls" instance=ExtResource("4_jwonn")]
transform = Transform3D(1, -3.48787e-16, 3.48787e-16, 3.48787e-16, 1, -3.48787e-16, -3.48787e-16, 3.48787e-16, 1, -98.881, 2.08165e-12, -65.3163)

[node name="Hutong Wall vedits822" parent="Walls" instance=ExtResource("4_jwonn")]
transform = Transform3D(1, -3.48787e-16, 3.48787e-16, 3.48787e-16, 1, -3.48787e-16, -3.48787e-16, 3.48787e-16, 1, -98.881, 2.08165e-12, -67.9151)

[node name="Hutong Wall vedits823" parent="Walls" instance=ExtResource("4_jwonn")]
transform = Transform3D(1, -3.48787e-16, 3.48787e-16, 3.48787e-16, 1, -3.48787e-16, -3.48787e-16, 3.48787e-16, 1, -98.881, 2.08165e-12, -68.7164)

[node name="Hutong Wall vedits747" parent="Walls" instance=ExtResource("4_jwonn")]
transform = Transform3D(0.99909, -3.63343e-16, -0.0426429, 3.48787e-16, 1, -3.48787e-16, 0.0426429, 3.33596e-16, 0.99909, -93.5839, 2.08165e-12, -15.4827)

[node name="Hutong Wall vedits748" parent="Walls" instance=ExtResource("4_jwonn")]
transform = Transform3D(0.99909, -3.63343e-16, -0.0426429, 3.48787e-16, 1, -3.48787e-16, 0.0426429, 3.33596e-16, 0.99909, -93.5588, 2.08165e-12, -18.4722)

[node name="Hutong Wall vedits3" parent="Walls" instance=ExtResource("4_jwonn")]
transform = Transform3D(1, -3.48787e-16, 3.48787e-16, 3.48787e-16, 1, -3.48787e-16, -3.48787e-16, 3.48787e-16, 1, -50.09, 2.08165e-12, 60)

[node name="Hutong Wall vedits4" parent="Walls" instance=ExtResource("4_jwonn")]
transform = Transform3D(1, -3.48787e-16, 3.48787e-16, 3.48787e-16, 1, -3.48787e-16, -3.48787e-16, 3.48787e-16, 1, -50.09, 2.08165e-12, 62.5)

[node name="Hutong Wall vedits5" parent="Walls" instance=ExtResource("4_jwonn")]
transform = Transform3D(1, -3.48787e-16, 3.48787e-16, 3.48787e-16, 1, -3.48787e-16, -3.48787e-16, 3.48787e-16, 1, -50.09, 2.08165e-12, 65)

[node name="Hutong Wall vedits6" parent="Walls" instance=ExtResource("4_jwonn")]
transform = Transform3D(1, -3.48787e-16, 3.48787e-16, 3.48787e-16, 1, -3.48787e-16, -3.48787e-16, 3.48787e-16, 1, -50.09, 2.08165e-12, 67.5)

[node name="Hutong Wall vedits7" parent="Walls" instance=ExtResource("4_jwonn")]
transform = Transform3D(1, -3.48787e-16, 3.48787e-16, 3.48787e-16, 1, -3.48787e-16, -3.48787e-16, 3.48787e-16, 1, -50.09, 2.08165e-12, 70)

[node name="Hutong Wall vedits8" parent="Walls" instance=ExtResource("4_jwonn")]
transform = Transform3D(1, -3.48787e-16, 3.48787e-16, 3.48787e-16, 1, -3.48787e-16, -3.48787e-16, 3.48787e-16, 1, -50.09, 2.08165e-12, 72.5)

[node name="Hutong Wall vedits9" parent="Walls" instance=ExtResource("4_jwonn")]
transform = Transform3D(1, -3.48787e-16, 3.48787e-16, 3.48787e-16, 1, -3.48787e-16, -3.48787e-16, 3.48787e-16, 1, -50.09, 2.08165e-12, 75)

[node name="Hutong Wall vedits784" parent="Walls" instance=ExtResource("4_jwonn")]
transform = Transform3D(1, -3.48787e-16, 3.48787e-16, 3.48787e-16, 1, -3.48787e-16, -3.48787e-16, 3.48787e-16, 1, -92.9106, 2.08165e-12, 75)

[node name="Hutong Wall vedits785" parent="Walls" instance=ExtResource("4_jwonn")]
transform = Transform3D(1, -3.48787e-16, 3.48787e-16, 3.48787e-16, 1, -3.48787e-16, -3.48787e-16, 3.48787e-16, 1, -92.9106, 2.08165e-12, 86.3993)

[node name="Hutong Wall vedits786" parent="Walls" instance=ExtResource("4_jwonn")]
transform = Transform3D(1, -3.48787e-16, 3.48787e-16, 3.48787e-16, 1, -3.48787e-16, -3.48787e-16, 3.48787e-16, 1, -92.9106, 2.08165e-12, 83.8679)

[node name="Hutong Wall vedits787" parent="Walls" instance=ExtResource("4_jwonn")]
transform = Transform3D(1, -3.48787e-16, 3.48787e-16, 3.48787e-16, 1, -3.48787e-16, -3.48787e-16, 3.48787e-16, 1, -92.9106, 2.08165e-12, 77.4164)

[node name="Hutong Wall vedits10" parent="Walls" instance=ExtResource("4_jwonn")]
transform = Transform3D(1, -3.48787e-16, 3.48787e-16, 3.48787e-16, 1, -3.48787e-16, -3.48787e-16, 3.48787e-16, 1, -50.09, 2.08165e-12, 77.5)

[node name="Hutong Wall vedits11" parent="Walls" instance=ExtResource("4_jwonn")]
transform = Transform3D(1, -3.48787e-16, 3.48787e-16, 3.48787e-16, 1, -3.48787e-16, -3.48787e-16, 3.48787e-16, 1, -50.09, 2.08165e-12, 80)

[node name="Hutong Wall vedits12" parent="Walls" instance=ExtResource("4_jwonn")]
transform = Transform3D(1, -3.48787e-16, 3.48787e-16, 3.48787e-16, 1, -3.48787e-16, -3.48787e-16, 3.48787e-16, 1, -50.09, 2.08165e-12, 82.5)

[node name="Hutong Wall vedits13" parent="Walls" instance=ExtResource("4_jwonn")]
transform = Transform3D(1, -3.48787e-16, 3.48787e-16, 3.48787e-16, 1, -3.48787e-16, -3.48787e-16, 3.48787e-16, 1, -50.09, 2.08165e-12, 85)

[node name="Hutong Wall vedits14" parent="Walls" instance=ExtResource("4_jwonn")]
transform = Transform3D(1, -3.48787e-16, 3.48787e-16, 3.48787e-16, 1, -3.48787e-16, -3.48787e-16, 3.48787e-16, 1, -50.09, 2.08165e-12, 87.5)

[node name="Hutong Wall vedits15" parent="Walls" instance=ExtResource("4_jwonn")]
transform = Transform3D(1, -3.48787e-16, 3.48787e-16, 3.48787e-16, 1, -3.48787e-16, -3.48787e-16, 3.48787e-16, 1, -50.09, 2.08165e-12, 90)

[node name="Hutong Wall vedits788" parent="Walls" instance=ExtResource("4_jwonn")]
transform = Transform3D(1, -3.48787e-16, 3.48787e-16, 3.48787e-16, 1, -3.48787e-16, -3.48787e-16, 3.48787e-16, 1, -63.8817, 2.08165e-12, 90)

[node name="Hutong Wall vedits789" parent="Walls" instance=ExtResource("4_jwonn")]
transform = Transform3D(1, -3.48787e-16, 3.48787e-16, 3.48787e-16, 1, -3.48787e-16, -3.48787e-16, 3.48787e-16, 1, -63.8817, 2.08165e-12, 92.1287)

[node name="Hutong Wall vedits790" parent="Walls" instance=ExtResource("4_jwonn")]
transform = Transform3D(1, -3.48787e-16, 3.48787e-16, 3.48787e-16, 1, -3.48787e-16, -3.48787e-16, 3.48787e-16, 1, -63.8817, 2.08165e-12, 87.448)

[node name="Hutong Wall vedits791" parent="Walls" instance=ExtResource("4_jwonn")]
transform = Transform3D(1, -3.48787e-16, 3.48787e-16, 3.48787e-16, 1, -3.48787e-16, -3.48787e-16, 3.48787e-16, 1, -63.8817, 2.08165e-12, 84.8841)

[node name="Hutong Wall vedits792" parent="Walls" instance=ExtResource("4_jwonn")]
transform = Transform3D(1, -3.48787e-16, 3.48787e-16, 3.48787e-16, 1, -3.48787e-16, -3.48787e-16, 3.48787e-16, 1, -63.8817, 2.08165e-12, 94.9708)

[node name="Hutong Wall vedits1503" parent="Walls" instance=ExtResource("4_jwonn")]
transform = Transform3D(1, -3.48787e-16, 3.48787e-16, 3.48787e-16, 1, -3.48787e-16, -3.48787e-16, 3.48787e-16, 1, -63.8817, 2.08165e-12, 101.564)

[node name="Hutong Wall vedits1504" parent="Walls" instance=ExtResource("4_jwonn")]
transform = Transform3D(1, -3.48787e-16, 3.48787e-16, 3.48787e-16, 1, -3.48787e-16, -3.48787e-16, 3.48787e-16, 1, -63.8817, 2.08165e-12, 104.122)

[node name="Hutong Wall vedits1505" parent="Walls" instance=ExtResource("4_jwonn")]
transform = Transform3D(1, -3.48787e-16, 3.48787e-16, 3.48787e-16, 1, -3.48787e-16, -3.48787e-16, 3.48787e-16, 1, -63.8817, 2.08165e-12, 97.2722)

[node name="Hutong Wall vedits1506" parent="Walls" instance=ExtResource("4_jwonn")]
transform = Transform3D(1, -3.48787e-16, 3.48787e-16, 3.48787e-16, 1, -3.48787e-16, -3.48787e-16, 3.48787e-16, 1, -63.8817, 2.08165e-12, 99.337)

[node name="Hutong Wall vedits1507" parent="Walls" instance=ExtResource("4_jwonn")]
transform = Transform3D(1, -3.48787e-16, 3.48787e-16, 3.48787e-16, 1, -3.48787e-16, -3.48787e-16, 3.48787e-16, 1, -63.8817, 2.08165e-12, 105.99)

[node name="Hutong Wall vedits1508" parent="Walls" instance=ExtResource("4_jwonn")]
transform = Transform3D(1, -3.48787e-16, 3.48787e-16, 3.48787e-16, 1, -3.48787e-16, -3.48787e-16, 3.48787e-16, 1, -63.8817, 2.08165e-12, 108.329)

[node name="Hutong Wall vedits1509" parent="Walls" instance=ExtResource("4_jwonn")]
transform = Transform3D(1, -3.48787e-16, 3.48787e-16, 3.48787e-16, 1, -3.48787e-16, -3.48787e-16, 3.48787e-16, 1, -79.1246, 2.08165e-12, 108.329)

[node name="Hutong Wall vedits1510" parent="Walls" instance=ExtResource("4_jwonn")]
transform = Transform3D(1, -3.48787e-16, 3.48787e-16, 3.48787e-16, 1, -3.48787e-16, -3.48787e-16, 3.48787e-16, 1, -79.1246, 2.08165e-12, 105.76)

[node name="Hutong Wall vedits1511" parent="Walls" instance=ExtResource("4_jwonn")]
transform = Transform3D(1, -3.48787e-16, 3.48787e-16, 3.48787e-16, 1, -3.48787e-16, -3.48787e-16, 3.48787e-16, 1, -79.1246, 2.08165e-12, 103.621)

[node name="Hutong Wall vedits1512" parent="Walls" instance=ExtResource("4_jwonn")]
transform = Transform3D(1, -3.48787e-16, 3.48787e-16, 3.48787e-16, 1, -3.48787e-16, -3.48787e-16, 3.48787e-16, 1, -110.098, 2.08165e-12, 98.5432)

[node name="Hutong Wall vedits1513" parent="Walls" instance=ExtResource("4_jwonn")]
transform = Transform3D(1, -3.48787e-16, 3.48787e-16, 3.48787e-16, 1, -3.48787e-16, -3.48787e-16, 3.48787e-16, 1, -110.098, 2.08165e-12, 101.065)

[node name="Hutong Wall vedits1514" parent="Walls" instance=ExtResource("4_jwonn")]
transform = Transform3D(1, -3.48787e-16, 3.48787e-16, 3.48787e-16, 1, -3.48787e-16, -3.48787e-16, 3.48787e-16, 1, -110.098, 2.08165e-12, 103.456)

[node name="Hutong Wall vedits1515" parent="Walls" instance=ExtResource("4_jwonn")]
transform = Transform3D(1, -3.48787e-16, 3.48787e-16, 3.48787e-16, 1, -3.48787e-16, -3.48787e-16, 3.48787e-16, 1, -110.098, 2.08165e-12, 105.839)

[node name="Hutong Wall vedits793" parent="Walls" instance=ExtResource("4_jwonn")]
transform = Transform3D(1, -3.48787e-16, 3.48787e-16, 3.48787e-16, 1, -3.48787e-16, -3.48787e-16, 3.48787e-16, 1, -78.9976, 2.08165e-12, 94.9708)

[node name="Hutong Wall vedits794" parent="Walls" instance=ExtResource("4_jwonn")]
transform = Transform3D(1, -3.48787e-16, 3.48787e-16, 3.48787e-16, 1, -3.48787e-16, -3.48787e-16, 3.48787e-16, 1, -78.9976, 2.08165e-12, 92.9355)

[node name="Hutong Wall vedits795" parent="Walls" instance=ExtResource("4_jwonn")]
transform = Transform3D(1, -3.48787e-16, 3.48787e-16, 3.48787e-16, 1, -3.48787e-16, -3.48787e-16, 3.48787e-16, 1, -78.9976, 2.08165e-12, 90.6436)

[node name="Hutong Wall vedits796" parent="Walls" instance=ExtResource("4_jwonn")]
transform = Transform3D(1, -3.48787e-16, 3.48787e-16, 3.48787e-16, 1, -3.48787e-16, -3.48787e-16, 3.48787e-16, 1, -78.9976, 2.08165e-12, 87.9881)

[node name="Hutong Wall vedits797" parent="Walls" instance=ExtResource("4_jwonn")]
transform = Transform3D(1, -3.48787e-16, 3.48787e-16, 3.48787e-16, 1, -3.48787e-16, -3.48787e-16, 3.48787e-16, 1, -78.9976, 2.08165e-12, 85.4476)

[node name="Hutong Wall vedits16" parent="Walls" instance=ExtResource("4_jwonn")]
transform = Transform3D(1, -3.48787e-16, 3.48787e-16, 3.48787e-16, 1, -3.48787e-16, -3.48787e-16, 3.48787e-16, 1, -50.09, 2.08165e-12, 92.5)

[node name="Hutong Wall vedits17" parent="Walls" instance=ExtResource("4_jwonn")]
transform = Transform3D(1, -3.48787e-16, 3.48787e-16, 3.48787e-16, 1, -3.48787e-16, -3.48787e-16, 3.48787e-16, 1, -50.09, 2.08165e-12, 95)

[node name="Hutong Wall vedits18" parent="Walls" instance=ExtResource("4_jwonn")]
transform = Transform3D(1, -3.48787e-16, 3.48787e-16, 3.48787e-16, 1, -3.48787e-16, -3.48787e-16, 3.48787e-16, 1, -50.09, 2.08165e-12, 97.5)

[node name="Hutong Wall vedits1500" parent="Walls" instance=ExtResource("4_jwonn")]
transform = Transform3D(1, -3.48787e-16, 3.48787e-16, 3.48787e-16, 1, -3.48787e-16, -3.48787e-16, 3.48787e-16, 1, -51.0416, 2.08165e-12, 103.136)

[node name="Hutong Wall vedits1501" parent="Walls" instance=ExtResource("4_jwonn")]
transform = Transform3D(1, -3.48787e-16, 3.48787e-16, 3.48787e-16, 1, -3.48787e-16, -3.48787e-16, 3.48787e-16, 1, -51.0416, 2.08165e-12, 105.585)

[node name="Hutong Wall vedits1502" parent="Walls" instance=ExtResource("4_jwonn")]
transform = Transform3D(1, -3.48787e-16, 3.48787e-16, 3.48787e-16, 1, -3.48787e-16, -3.48787e-16, 3.48787e-16, 1, -51.0416, 2.08165e-12, 108.006)

[node name="Hutong Wall vedits19" parent="Walls" instance=ExtResource("4_jwonn")]
transform = Transform3D(-4.37114e-08, -3.48787e-16, -1, 3.48787e-16, 1, -3.48787e-16, 1, -3.48787e-16, -4.37114e-08, -50.09, 2.08165e-12, 50.7942)

[node name="Hutong Wall vedits21" parent="Walls" instance=ExtResource("4_jwonn")]
transform = Transform3D(-4.37114e-08, -3.48787e-16, -1, 3.48787e-16, 1, -3.48787e-16, 1, -3.48787e-16, -4.37114e-08, -47.3953, 2.08165e-12, 50.7942)

[node name="Hutong Wall vedits22" parent="Walls" instance=ExtResource("4_jwonn")]
transform = Transform3D(-4.37114e-08, -3.48787e-16, -1, 3.48787e-16, 1, -3.48787e-16, 1, -3.48787e-16, -4.37114e-08, -44.6708, 2.08165e-12, 50.7942)

[node name="Hutong Wall vedits23" parent="Walls" instance=ExtResource("4_jwonn")]
transform = Transform3D(-4.37114e-08, -3.48787e-16, -1, 3.48787e-16, 1, -3.48787e-16, 1, -3.48787e-16, -4.37114e-08, -42.0116, 2.08165e-12, 50.7942)

[node name="Hutong Wall vedits24" parent="Walls" instance=ExtResource("4_jwonn")]
transform = Transform3D(-4.37114e-08, -3.48787e-16, -1, 3.48787e-16, 1, -3.48787e-16, 1, -3.48787e-16, -4.37114e-08, -39.3368, 2.08165e-12, 50.7942)

[node name="Hutong Wall vedits40" parent="Walls" instance=ExtResource("4_jwonn")]
transform = Transform3D(-4.37114e-08, -3.48787e-16, -1, 3.48787e-16, 1, -3.48787e-16, 1, -3.48787e-16, -4.37114e-08, -36.917, 2.08165e-12, 50.7942)

[node name="Hutong Wall vedits41" parent="Walls" instance=ExtResource("4_jwonn")]
transform = Transform3D(-4.37114e-08, -3.48787e-16, -1, 3.48787e-16, 1, -3.48787e-16, 1, -3.48787e-16, -4.37114e-08, -34.313, 2.08165e-12, 50.7942)

[node name="Hutong Wall vedits42" parent="Walls" instance=ExtResource("4_jwonn")]
transform = Transform3D(-4.37114e-08, -3.48787e-16, -1, 3.48787e-16, 1, -3.48787e-16, 1, -3.48787e-16, -4.37114e-08, -31.6781, 2.08165e-12, 50.7942)

[node name="Hutong Wall vedits43" parent="Walls" instance=ExtResource("4_jwonn")]
transform = Transform3D(-4.37114e-08, -3.48787e-16, -1, 3.48787e-16, 1, -3.48787e-16, 1, -3.48787e-16, -4.37114e-08, -29.0755, 2.08165e-12, 50.7942)

[node name="Hutong Wall vedits44" parent="Walls" instance=ExtResource("4_jwonn")]
transform = Transform3D(-4.37114e-08, -3.48787e-16, -1, 3.48787e-16, 1, -3.48787e-16, 1, -3.48787e-16, -4.37114e-08, -26.6924, 2.08165e-12, 50.7942)

[node name="Hutong Wall vedits45" parent="Walls" instance=ExtResource("4_jwonn")]
transform = Transform3D(-4.37114e-08, -3.48787e-16, -1, 3.48787e-16, 1, -3.48787e-16, 1, -3.48787e-16, -4.37114e-08, -24.1842, 2.08165e-12, 50.7942)

[node name="Hutong Wall vedits46" parent="Walls" instance=ExtResource("4_jwonn")]
transform = Transform3D(-4.37114e-08, -3.48787e-16, -1, 3.48787e-16, 1, -3.48787e-16, 1, -3.48787e-16, -4.37114e-08, -21.5437, 2.08165e-12, 50.7942)

[node name="Hutong Wall vedits47" parent="Walls" instance=ExtResource("4_jwonn")]
transform = Transform3D(-4.37114e-08, -3.48787e-16, -1, 3.48787e-16, 1, -3.48787e-16, 1, -3.48787e-16, -4.37114e-08, -18.8794, 2.08165e-12, 50.7942)

[node name="Hutong Wall vedits48" parent="Walls" instance=ExtResource("4_jwonn")]
transform = Transform3D(-4.37114e-08, -3.48787e-16, -1, 3.48787e-16, 1, -3.48787e-16, 1, -3.48787e-16, -4.37114e-08, -16.2629, 2.08165e-12, 50.7942)

[node name="Hutong Wall vedits49" parent="Walls" instance=ExtResource("4_jwonn")]
transform = Transform3D(-4.37114e-08, -3.48787e-16, -1, 3.48787e-16, 1, -3.48787e-16, 1, -3.48787e-16, -4.37114e-08, -13.6908, 2.08165e-12, 50.7942)

[node name="Hutong Wall vedits50" parent="Walls" instance=ExtResource("4_jwonn")]
transform = Transform3D(-4.37114e-08, -3.48787e-16, -1, 3.48787e-16, 1, -3.48787e-16, 1, -3.48787e-16, -4.37114e-08, -11.2077, 2.08165e-12, 50.7942)

[node name="Hutong Wall vedits51" parent="Walls" instance=ExtResource("4_jwonn")]
transform = Transform3D(-4.37114e-08, -3.48787e-16, -1, 3.48787e-16, 1, -3.48787e-16, 1, -3.48787e-16, -4.37114e-08, -8.5165, 2.08165e-12, 50.7942)

[node name="Hutong Wall vedits52" parent="Walls" instance=ExtResource("4_jwonn")]
